# N Mean
1 1.5205631514641289
2 0.85185596596070401
3 1.0176698677324085
4 1.1120824259063613
5 1.2366543554871596
6 0.9626543142193249
7 0.82594202178008813
8 0.88578536711204103
9 0.76884522992287685
10 0.75815169366921831
11 0.72851891747987851
12 0.74169340554703644
13 0.69189802191845895
14 0.68106264396620098
15 0.75943774607006342
16 0.82125946219137835
17 0.82631097523186803
18 0.8443987426244336
19 0.76968342280564295
20 0.77224458310391964
21 0.69018063699768484
22 0.64647516767457236
23 0.59278906170428902
24 0.62694494507831744
25 0.58066863798567492
26 0.56613650509155478
27 0.52255261010091814
28 0.47983381710007494
29 0.53214208389009565
30 0.5028963716248499
31 0.50405446232124806
32 0.53571953237614101
33 0.54487710708556047
34 0.52555998196810361
35 0.53661989114355946
36 0.53762660445069266
37 0.53608937084316532
38 0.57246399454862706
39 0.55464569605351044
40 0.57363138098671629
41 0.57379244334411383
42 0.59131504014129121
43 0.58223064074894793
44 0.60705695245955249
45 0.59023222547190524
46 0.57864837365283495
47 0.59661699463951179
48 0.62079329520733706
49 0.59198661221730442
50 0.6171065044948395
51 0.6163394367727113
52 0.59022074651878864
53 0.57109661050868454
54 0.57884816922193771
55 0.59869998082966036
56 0.58884245984601502
57 0.56434546866215385
58 0.53840967000580742
59 0.53560789952812993
60 0.51316922645232144
61 0.50008185983059128
62 0.52285315878551775
63 0.54164317563740505
64 0.5574418660229733
65 0.54578887190151304
66 0.54690238932977042
67 0.54061460634152214
68 0.55149889461738566
69 0.55129754965800648
70 0.55775288869655237
71 0.55827495086254431
72 0.5382689241847346
73 0.53518185385048889
74 0.55221324999781352
75 0.56874946514551983
76 0.57656666993567363
77 0.56716814447092723
78 0.57548141114060058
79 0.57984160150205311
80 0.57337040697381403
81 0.57942242874943983
82 0.56623340521547927
83 0.56327051578892706
84 0.57609141094361582
85 0.58681507999120885
86 0.57988713009667558
87 0.5696229620855795
88 0.58224221528633358
89 0.57627410652643563
90 0.58164894673118794
91 0.59580010950042284
92 0.59764924308823542
93 0.6016735750829123
94 0.61203905809042392
95 0.60895106546311384
96 0.62106521443455265
97 0.61667598541930468
98 0.62512113545594539
99 0.62943966515660732
100 0.64047442942879851
101 0.63856351398860578
102 0.6288469587230946
103 0.6407101641960351
104 0.65147626608983389
105 0.63996677826290227
106 0.64943111534072151
107 0.65199009359876459
108 0.64869259509145383
109 0.65062008918988279
110 0.64327970871769924
111 0.64971868696395529
112 0.64322453459126572
113 0.64055087267108946
114 0.63211024988859554
115 0.62281015492094272
116 0.61596441234579147
117 0.61642053929946095
118 0.61331107576082022
119 0.60402964872550524
120 0.61333283333263044
121 0.6025574674810964
122 0.59252196379100464
123 0.59165863237614058
124 0.59722126989961677
125 0.60807753970105105
126 0.61757701922450048
127 0.62100818482597253
128 0.61732503489481194
129 0.62222416367290467
130 0.61825313645262037
131 0.61263655591491439
132 0.60569828364162803
133 0.60680931535817551
134 0.60029012798275705
135 0.59182256685396073
136 0.59626832406533914
137 0.58736435610987581
138 0.59311107211304026
139 0.58519160973103013
140 0.58983462799998032
141 0.58014494554463492
142 0.58908978462576955
143 0.57907928114733631
144 0.57897935655192156
145 0.57173558146629144
146 0.5659030577385451
147 0.57153224888053467
148 0.57576489067904901
149 0.57840868979499627
150 0.58723406796680522
151 0.58942705451431765
152 0.59396506419283646
153 0.58537994241026403
154 0.57771323651803463
155 0.57760302344075298
156 0.56899464781062747
157 0.56033684236766579
158 0.55434714880048963
159 0.55327742723681073
160 0.55893839231992093
161 0.55993850097126785
162 0.56430148865779517
163 0.55566047618980596
164 0.54906145734555234
165 0.55785490738128107
166 0.55216292499929021
167 0.55885576337254972
168 0.5518173685156158
169 0.56034742549430672
170 0.55212286847934178
171 0.55831875576771839
172 0.55052031182903194
173 0.54162993330180642
174 0.54868497611042566
175 0.55001635646248759
176 0.5442839726027664
177 0.53832414506162019
178 0.53628339532495539
179 0.5430029296092419
180 0.5480922769901464
181 0.54549113792448045
182 0.54610632435048023
183 0.54715650827438067
184 0.54612700299878003
185 0.54891638300343737
186 0.54219597336668035
187 0.54246457224761813
188 0.54634444950760952
189 0.54299281458598458
190 0.55053856495278242
191 0.55148293549051886
192 0.5571150104853978
193 0.56067103576303445
194 0.56235175101186419
195 0.55488462777713399
196 0.55839750519109288
197 0.5631757697637616
198 0.56930179947997028
199 0.57458075540379328
200 0.57917341473939532
201 0.58593525042686267
202 0.5891307869183906
203 0.59465279792291992
204 0.60130051565143194
205 0.60324851803223978
206 0.60270738715422956
207 0.59734118726601582
208 0.60163298685385669
209 0.60672970103395507
210 0.60017853123144194
211 0.60183228681002277
212 0.59778653241564561
213 0.59915109850741544
214 0.59489063047391944
215 0.59724862704921711
216 0.59425488994448017
217 0.59145339796273566
218 0.58733794135220907
219 0.58110572659513071
220 0.58255168502253196
221 0.57842687757785316
222 0.58011592879242357
223 0.57990042199843816
224 0.58585799658245308
225 0.5825436323303157
226 0.58279043322254054
227 0.58532354024946276
228 0.57986090044337457
229 0.57913858335648749
230 0.58000154497952305
231 0.58542558282975254
232 0.58442268236095885
233 0.58195328620049613
234 0.58606055125016665
235 0.58485833565851486
236 0.57818391211459408
237 0.57589127478493563
238 0.57681376480223834
239 0.58067533851531317
240 0.57701283758017829
241 0.57887763054212427
242 0.5783403297512153
243 0.57779492703324731
244 0.5750780095043192
245 0.5773685555058462
246 0.57318277829667985
247 0.57436612115295971
248 0.56851219690793708
249 0.56720070703649506
250 0.56928370970174857
251 0.57108660125278032
252 0.57244308481394945
253 0.57034389325012103
254 0.56634201730324818
255 0.56736545090632662
256 0.56859243609425847
257 0.57101887812003005
258 0.56874796508244141
259 0.57126753017277254
260 0.56755741783698044
261 0.57213667321337824
262 0.57397687526395225
263 0.57544232819806818
264 0.57239821501039734
265 0.57249227049446072
266 0.56756910738789668
267 0.56462499397948951
268 0.56860830289476272
269 0.57042899612954556
270 0.5656541506185967
271 0.56110866259402126
272 0.55935753781633557
273 0.55998286385845697
274 0.56078451167373156
275 0.56238045807869375
276 0.55985854817912206
277 0.56262910117736198
278 0.56012014122866338
279 0.55807285124426409
280 0.55454135158343987
281 0.55951839164466954
282 0.55402625452250764
283 0.55730592643683752
284 0.55532399439500846
285 0.55184778082148001
286 0.55100037945835989
287 0.55561679237165573
288 0.55978753671777481
289 0.5623301898965759
290 0.56417465892814789
291 0.56004838685459346
292 0.56175149982793759
293 0.56035130978797631
294 0.56294474235283765
295 0.56723697652493332
296 0.57122880679480326
297 0.57464470767430098
298 0.57140980814877407
299 0.5741173690522301
300 0.5743507316542561
301 0.57208333838377878
302 0.57586715982701397
303 0.57967264402799268
304 0.58310114488499298
305 0.58281042565417163
306 0.58328685774146161
307 0.57972002833628744
308 0.57725903313642635
309 0.58054860546025999
310 0.580215211461789
311 0.57960675886220936
312 0.5827068220985262
313 0.5824040277439918
314 0.58014528834949952
315 0.57684725160918493
316 0.57835259358657898
317 0.58025889723532642
318 0.57660139944316402
319 0.57733094514748851
320 0.57701823955088316
321 0.57993843446935456
322 0.58177948269971813
323 0.5785375107077837
324 0.57572071785528878
325 0.57547412009913934
326 0.57175725577683811
327 0.56821890136011655
328 0.56673447731241899
329 0.56493413239686829
330 0.56866368315078086
331 0.57215851783423888
332 0.57304444506165619
333 0.57585957674024535
334 0.5784898858958194
335 0.57822043328268535
336 0.57651416732684191
337 0.57534641454268776
338 0.57653324021223284
339 0.57727104357118897
340 0.57491647685148228
341 0.57162842253633483
342 0.56766937753444757
343 0.56404219231151043
344 0.56513980845569911
345 0.563764895647898
346 0.56174479063509319
347 0.56010909227874162
348 0.55641178379117862
349 0.55562545536181163
350 0.55919076531821721
351 0.55973640671114999
352 0.55756779183107652
353 0.55875383180706006
354 0.56080631652947655
355 0.5605287792869279
356 0.5574705983070769
357 0.56052841112574459
358 0.56141239868776927
359 0.56138936739386269
360 0.55878420463240941
361 0.55909971054235164
362 0.5583248442909936
363 0.56089093874365603
364 0.55985323047995483
365 0.5575878270015322
366 0.55600436405810294
367 0.55772664155187557
368 0.55870010839527429
369 0.5624828557490873
370 0.56100243933293859
371 0.56405278531531211
372 0.56094571824710293
373 0.56006480161283445
374 0.55593688942900465
375 0.55805398034213782
376 0.56008883333278703
377 0.55828762742494931
378 0.55507523539852899
379 0.55782333357276248
380 0.55941594945288697
381 0.55571010018961131
382 0.55516456415841764
383 0.5588309787124226
384 0.56030206284310669
385 0.55789257374070689
386 0.5575396964314564
387 0.5602218771521893
388 0.55692686852961559
389 0.55369229531823771
390 0.5526538222485331
391 0.55099815852120759
392 0.55207050946228919
393 0.55429752069949501
394 0.55135541134257937
395 0.54781913146115924
396 0.54431521165075203
397 0.54388405702487641
398 0.54589089372193522
399 0.54722006272629753
400 0.54667121433381538
401 0.54370528572657739
402 0.54426549677018288
403 0.54474102789897894
404 0.54485230668609352
405 0.54544559918839086
406 0.54431334530745623
407 0.54276185394631382
408 0.54551530522633385
409 0.54523227016457498
410 0.54270599829431643
411 0.54340303319923167
412 0.54348516502765309
413 0.54424373881942445
414 0.54483394399415963
415 0.54280053359900982
416 0.54507607293999394
417 0.54187510061191924
418 0.5388957636821422
419 0.54183678437129923
420 0.539377526558114
421 0.53915382711759241
422 0.53710955912893987
423 0.53933934322144517
424 0.53776657587371224
425 0.53666966433372232
426 0.53924751274711791
427 0.53806134263371153
428 0.5401797179933433
429 0.54119896841643012
430 0.53786823174427112
431 0.53609221891166858
432 0.53794101468670152
433 0.53872612163810429
434 0.54096018873702001
435 0.53954296910825028
436 0.53753261388865259
437 0.5353736416937116
438 0.53606303066597416
439 0.53331390774773302
440 0.53442868461890503
441 0.53627076654698747
442 0.53767826574885536
443 0.53556399669789923
444 0.53481624660293881
445 0.5334952530005399
446 0.53297626298525225
447 0.53109709428502549
448 0.53026260234614886
449 0.5304146632989355
450 0.52804523356943966
451 0.52835154836973308
452 0.52506700518937732
453 0.52421838933008968
454 0.52338641366804195
455 0.52205199082180809
456 0.52356552415840507
457 0.5219413863064255
458 0.52287377824233761
459 0.52316588153041355
460 0.52585198325903937
461 0.52700622861799862
462 0.5289593664096518
463 0.53017877311076966
464 0.52889789518808772
465 0.52977696881333758
466 0.52653284295290648
467 0.52668776087323643
468 0.52883528466544905
469 0.52953145746871488
470 0.53037942794496251
471 0.5304328572386996
472 0.52973729428459948
473 0.52880013931503533
474 0.53012461518456133
475 0.53196791093961693
476 0.5330214176124668
477 0.53076901926580677
478 0.52777301284772526
479 0.52498159067369543
480 0.52609030689396485
481 0.52408772670592896
482 0.52477815673638595
483 0.52597096264096665
484 0.52633774424166879
485 0.52319761783859242
486 0.52009870797860258
487 0.51885767664741622
488 0.5173532776472235
489 0.51827096894085845
490 0.52042279479436693
491 0.51843310201444903
492 0.51742828557250287
493 0.51841123332087868
494 0.52067564035642744
495 0.52156299225381508
496 0.52038985850946073
497 0.52267286206725738
498 0.52073736302678764
499 0.51863451770866931
500 0.51861801458272117
501 0.52055065711093595
502 0.52155944499712514
503 0.52392714013437736
504 0.52204104444661503
505 0.52137079262801034
506 0.52255029737869396
507 0.52468880172453147
508 0.52492010582291604
509 0.52627955187807107
510 0.52877205039125674
511 0.52714892829403281
512 0.52959537059100836
513 0.52983851566508433
514 0.53231015292518868
515 0.53221483348325493
516 0.53245803193065488
517 0.5349433887250622
518 0.53661133023335383
519 0.53835661899378084
520 0.53882803282932534
521 0.53965869443076642
522 0.54242927133443675
523 0.54484825021535344
524 0.54375812808002821
525 0.54581369001822178
526 0.54623508995016468
527 0.54693163229629149
528 0.54831617612218109
529 0.54978677767115702
530 0.55136214310129594
531 0.54992521576156395
532 0.55041997346756077
533 0.55015969702620637
534 0.54819472347998055
535 0.54976159545525349
536 0.55171214566461657
537 0.55369976554199263
538 0.55451676082829437
539 0.55392850670798355
540 0.55445075422577494
541 0.55488743863899537
542 0.55559208256897996
543 0.5557027224708122
544 0.55366103697725022
545 0.55399755712233667
546 0.55133252531367516
547 0.55234056648552343
548 0.55234441948334478
549 0.55406661048540284
550 0.55405039345399254
551 0.55184330348651067
552 0.55169400403344904
553 0.55165666782355027
554 0.54911847717049034
555 0.55072917226874418
556 0.55001558603119982
557 0.55066720813930992
558 0.55031900017071511
559 0.54831833289878751
560 0.54776639568715035
561 0.54632848342622531
562 0.54574836107540237
563 0.54309582368403198
564 0.54417684216603524
565 0.54449009296858264
566 0.54607021831666802
567 0.54642643795598733
568 0.54606341177194673
569 0.54586309693255874
570 0.54838876613757448
571 0.54598558043565104
572 0.54367228622149477
573 0.54433306581357266
574 0.54476426131041333
575 0.54323911842798023
576 0.54170461215837351
577 0.54230950792689159
578 0.54443447097826891
579 0.54559056950235851
580 0.54531982153564684
581 0.54492458155612888
582 0.5466545381819734
583 0.54890382157377615
584 0.5511261309090868
585 0.55308533134142335
586 0.55436170622122882
587 0.55341851369988482
588 0.55351512759270394
589 0.5519937235943646
590 0.55179145235564941
591 0.553987170673925
592 0.55372453320636605
593 0.55557820754331344
594 0.55784462602925133
595 0.55615294772670776
596 0.55584751821579814
597 0.5571621317979798
598 0.55840323657962798
599 0.56033302170160759
600 0.55902039348800736
601 0.56022807558472965
602 0.56243785329369467
603 0.56149771984458374
604 0.56091102879302523
605 0.56111176020987119
606 0.56128046108211249
607 0.56178329365337398
608 0.56015714186312349
609 0.55994979456780491
610 0.55916350858796748
611 0.55982222584721897
612 0.56176625494297494
613 0.56024962921430388
614 0.56067206712795592
615 0.56235601580652517
616 0.56035435517322996
617 0.55964173469337719
618 0.55808407525090142
619 0.55870035388502148
620 0.55905418507500515
621 0.55981200746940252
622 0.56018051151982273
623 0.55795964630094164
624 0.55815941498573973
625 0.55837172362356113
626 0.55704505556054074
627 0.55465221219415939
628 0.5538192057081901
629 0.5513921804304337
630 0.55332818774639314
631 0.55372589304718645
632 0.55492578505346379
633 0.55667407140325231
634 0.55863486563987763
635 0.55699795083465076
636 0.55666296125638459
637 0.5565161781222534
638 0.55781582956337161
639 0.55837797628430286
640 0.56046964310859138
641 0.5587622164313949
642 0.55770287861488044
643 0.55939636212384924
644 0.55868003831261692
645 0.56044688142597054
646 0.561503330956167
647 0.56129608762143868
648 0.56015050934444999
649 0.56212242146745739
650 0.5602837368832938
651 0.56187629190468302
652 0.56234823527472499
653 0.56325734818945261
654 0.56510805336953684
655 0.56356162683521693
656 0.56246908057604594
657 0.56085420534250152
658 0.55940751344719275
659 0.5598915315145333
660 0.55832914488820329
661 0.55654651036902936
662 0.55522643354425971
663 0.557165419314406
664 0.55488293942204514
665 0.55327029330020494
666 0.55147854806022267
667 0.55122976965419701
668 0.55182019720443498
669 0.55360471374228726
670 0.55173749914578041
671 0.55217109469943071
672 0.55017630274698548
673 0.54962810359329262
674 0.54953858547094347
675 0.5491833501300184
676 0.54819274179955613
677 0.5469874440504664
678 0.54874287794586463
679 0.54896342375576801
680 0.54752690054648756
681 0.54540740299134527
682 0.54504101462724941
683 0.54635385503133416
684 0.5473974137746852
685 0.54669924101478862
686 0.54880887723109939
687 0.54671017335580763
688 0.54674496253026561
689 0.54537499977221937
690 0.54601268054954533
691 0.54681347476715314
692 0.54599849626308306
693 0.54761758990267262
694 0.54818317764441349
695 0.54742960058612578
696 0.54542252307881822
697 0.54650527906599744
698 0.54774236387159869
699 0.54852690845649366
700 0.54923724888123215
701 0.55089676979218372
702 0.55002486434085773
703 0.55103113922775071
704 0.5500975718137483
705 0.55134298239570234
706 0.54994899918944229
707 0.55026495788720475
708 0.5483017562466298
709 0.54654725794798797
710 0.54503356502127365
711 0.5438906849548657
712 0.54229605130942515
713 0.54261170315703999
714 0.54069509971903618
715 0.54227267239758958
716 0.54408025929829307
717 0.54216113276151634
718 0.54387909619748953
719 0.54368893058008994
720 0.54261562255798668
721 0.54291856013352402
722 0.54148309329235123
723 0.54177669275669571
724 0.54162101224407899
725 0.54286932393046594
726 0.54457088495555872
727 0.54461902356926806
728 0.54489667659955798
729 0.54577911339451957
730 0.54458723335485359
731 0.54355840763944863
732 0.54404638045167319
733 0.54414253249389422
734 0.5421068502205012
735 0.54381086020109637
736 0.54312991862214655
737 0.54187349075780111
738 0.54190873803735484
739 0.54145007405415713
740 0.54061231050341663
741 0.54128585834949328
742 0.54181701203589072
743 0.5415319508836316
744 0.54054476691968589
745 0.54130854406755036
746 0.54058115478514757
747 0.53938033928156948
748 0.54036729775112369
749 0.5393445577244711
750 0.54002639430390054
751 0.53804038369600837
752 0.53936661807102138
753 0.54071836690904573
754 0.54106527614894118
755 0.54030152430494394
756 0.54091472397726659
757 0.54096700381420704
758 0.54229026672797476
759 0.54124723726746526
760 0.54023070624378533
761 0.53849545824016876
762 0.53850156202409905
763 0.53998378562151905
764 0.54036892831610905
765 0.54043785558029522
766 0.54164354030070805
767 0.54338438400615985
768 0.54425268671971705
769 0.54358640017584869
770 0.54298411487281051
771 0.54115371512994992
772 0.53925013466674299
773 0.53727856736328783
774 0.5371810013706152
775 0.53633129256786893
776 0.53708961223102192
777 0.53827796360322111
778 0.53825733467089243
779 0.53808295121725302
780 0.53641204185186953
781 0.53517841650398112
782 0.53507070120418398
783 0.53664805954226802
784 0.53485410045721071
785 0.53322146209465737
786 0.53220537233684995
787 0.53297012359796603
788 0.53335179037816405
789 0.53176145249873819
790 0.53347402726903914
791 0.53482539664930806
792 0.53351662996212423
793 0.53338337073295961
794 0.53431342363193612
795 0.53531745075276149
796 0.53341496695188628
797 0.53366894782464402
798 0.53451571060390302
799 0.53538763238446663
800 0.53692804291526697
801 0.53537034543486439
802 0.5364022117470385
803 0.53802475650770099
804 0.53649044831578674
805 0.53560622367866928
806 0.5345917771651737
807 0.53570037263508474
808 0.53415263485195463
809 0.53502536458397043
810 0.53415698875642492
811 0.53290636594671803
812 0.53448301036452228
813 0.53540318624074268
814 0.53387326115765954
815 0.53560265073913627
816 0.53682840604899573
817 0.536201466850734
818 0.53686306699333619
819 0.53665876841163684
820 0.5363740556281803
821 0.53689258406607399
822 0.53620530565996727
823 0.53652762784795882
824 0.53513612340029926
825 0.53357086156026212
826 0.53308710924562264
827 0.53173013367003252
828 0.53227107895461756
829 0.53083694869525666
830 0.53217575902562841
831 0.53243469178845459
832 0.53135314703444714
833 0.53192172266742532
834 0.53198734954611337
835 0.53127482628517531
836 0.5328279260919413
837 0.53375001563459656
838 0.53235682796444339
839 0.53066724236163776
840 0.53068407643019544
841 0.53028837561674502
842 0.52922472718643365
843 0.52902155371617321
844 0.52777921264382355
845 0.52706555744058314
846 0.52679866583654122
847 0.52501531991564887
848 0.52551572596335649
849 0.52416490136731075
850 0.52400217466078358
851 0.52250811092199534
852 0.52346849054187494
853 0.52444660126230125
854 0.52506672280570499
855 0.52647679624269583
856 0.52773277199688917
857 0.52616951537565604
858 0.52455573717389936
859 0.52462170822461851
860 0.52346679803080454
861 0.52493036428300122
862 0.52354247958346056
863 0.52312584681221519
864 0.52343307845835918
865 0.52388602090265257
866 0.52455245601253253
867 0.5246605157562575
868 0.52430934599694101
869 0.52539446478647833
870 0.52563313179365778
871 0.52705565750298733
872 0.52606726485106448
873 0.52703137011437839
874 0.52656863687051725
875 0.52613331609132374
876 0.52472502660290088
877 0.52575028629525533
878 0.52533595524698851
879 0.52615108086400519
880 0.52760152670474869
881 0.52875954407141312
882 0.52985435785994517
883 0.53054908108590293
884 0.53097336013648644
885 0.53099306899903143
886 0.53138018119701957
887 0.53135292485095409
888 0.53158387600662738
889 0.53212823868387749
890 0.53050610433769518
891 0.53133363563925817
892 0.53163384415968196
893 0.53038565667894388
894 0.5291568415043949
895 0.5281049272959405
896 0.52900238911595598
897 0.53012149873421099
898 0.53087407376764706
899 0.5297853104834811
900 0.53030790601560895
901 0.52965159162313369
902 0.52830688798044967
903 0.52956601496587752
904 0.52821328684835178
905 0.528115074841781
906 0.5273235146151356
907 0.52630019378573911
908 0.52556991735679293
909 0.52606206171109571
910 0.52750705163773959
911 0.52656110823926128
912 0.52655472978960649
913 0.5274406372055146
914 0.52884283298909907
915 0.52763792904327367
916 0.52693505346855996
917 0.52710526830493143
918 0.52754802893291719
919 0.52873703157291541
920 0.52783464822675596
921 0.52837118845167519
922 0.52876132593461767
923 0.52981105796541506
924 0.53079501852956279
925 0.53164810806451113
926 0.53008623928031762
927 0.53034636344060937
928 0.53069377744018575
929 0.5315125047977971
930 0.53236388621045549
931 0.53163403009535204
932 0.53023770616784571
933 0.53142719000313454
934 0.53034232834089767
935 0.52927988727077813
936 0.52879920100659694
937 0.52858610464156841
938 0.52816770948750658
939 0.52860902901062623
940 0.52730418647167121
941 0.52671952138901457
942 0.5278677165439315
943 0.52818047718868566
944 0.52689270395311327
945 0.5278350047312852
946 0.52859750126656491
947 0.52824663426080387
948 0.52779530764000848
949 0.52743168376526106
950 0.52668340609867148
951 0.52696968364310315
952 0.52558074956835732
953 0.52681796373274503
954 0.52657664232402801
955 0.52774639983334637
956 0.52826606749585292
957 0.52811318231949145
958 0.52799502283856703
959 0.5273165037728752
960 0.52642684746163482
961 0.52560664638911181
962 0.52581928301790282
963 0.52517306006153819
964 0.52398329520655984
965 0.52473391301542338
966 0.52464667967256873
967 0.5245773421381188
968 0.52359891243315682
969 0.52468559875051102
970 0.52352629815814911
971 0.52286305215605811
972 0.521866004053268
973 0.5203106262294519
974 0.52152418352765051
975 0.52085211240654472
976 0.52177936466924879
977 0.52221917305790233
978 0.52277169055708694
979 0.52175378210621715
980 0.52033789907293693
981 0.52172302780758795
982 0.52254120463202591
983 0.5213370862692025
984 0.522416819956529
985 0.52150245771071058
986 0.52298428880603409
987 0.52307077252395218
988 0.52355726461951524
989 0.52342980966630703
990 0.52440173809960178
991 0.52556477510245025
992 0.52617984884999192
993 0.52586728308127817
994 0.52491618720550637
995 0.52591019874854217
996 0.52484415589827271
997 0.52534174900808583
998 0.52478685242229184
999 0.52430317079585809
1000 0.52437641006399671
